('192.168.x.xx', 47594), 1, 0.0, 1.0

('192.168.x.xx', 47594), 1, 0.0, 1.0

('192.168.x.xx', 47594), 1, 0.0, 1.0

('192.168.x.xx', 47594), 1, 0.0, 1.0

('192.168.x.xx', 47594), 1, 0.0, 1.0

('192.168.x.xx', 47594), 1, 0.0, 1.0

('192.168.x.xx', 47594), 1, 0.0, 1.0

('192.168.x.xx', 47594), 1, 0.0, 1.0

('192.168.x.xx', 47594), 1, 0.0, 1.0

('192.168.x.xx', 47594), 1, 0.0, 1.0

('192.168.x.xx', 47594), 1, 0.0, 1.0

('192.168.x.xx', 47594), 1, 0.0, 1.0

('192.168.x.xx', 47594), 1, 0.0, 1.0

('192.168.x.xx', 47594), 1, 0.0, 1.0

('192.168.x.xx', 47594), 1, 0.0, 1.0

('192.168.x.xx', 47594), 1, 0.0, 1.0

('192.168.x.xx', 47594), 1, 0.0, 1.0

('192.168.x.xx', 47594), 1, 0.0, 1.0

